1.6000000000000001 1.6000000000000001 1.6000000000000001 1.6000000000000001 1.6000000000000001 1.6000000000000001 1.6000000000000001 1.6000000000000001 1.6000000000000001 1.6000000000000001 1.6000000000000001 1.6000000000000001 1.6000000000000001 1.6000000000000001 1.6000000000000001 -4581.6517061399808881
1.6000000000000001 1.6000000000000001 1.6000000000000001 1.6000000000000001 1.6000000000000001 1.6000000000000001 1.6000000000000001 1.6000000000000001 1.6000000000000001 1.6000000000000001 1.6000000000000001 1.6000000000000001 1.6000000000000001 1.6000000000000001 0.2000000000000002 -4581.8609693592416079
1.6000000000000001 1.6000000000000001 1.6000000000000001 1.6000000000000001 1.6000000000000001 1.6000000000000001 1.6000000000000001 1.6000000000000001 1.6000000000000001 1.6000000000000001 1.6000000000000001 1.6000000000000001 1.6000000000000001 1.6000000000000001 3.0000000000000000 -4581.5472981588236507
1.6000000000000001 1.6000000000000001 1.6000000000000001 1.6000000000000001 1.6000000000000001 1.6000000000000001 1.6000000000000001 1.6000000000000001 1.6000000000000001 1.6000000000000001 1.6000000000000001 1.6000000000000001 1.6000000000000001 0.2000000000000002 1.6000000000000001 -4581.8609693704029269
1.6000000000000001 1.6000000000000001 1.6000000000000001 1.6000000000000001 1.6000000000000001 1.6000000000000001 1.6000000000000001 1.6000000000000001 1.6000000000000001 1.6000000000000001 1.6000000000000001 1.6000000000000001 1.6000000000000001 3.0000000000000000 1.6000000000000001 -4581.5472981582988723
1.6000000000000001 1.6000000000000001 1.6000000000000001 1.6000000000000001 1.6000000000000001 1.6000000000000001 1.6000000000000001 1.6000000000000001 1.6000000000000001 1.6000000000000001 1.6000000000000001 1.6000000000000001 0.2000000000000002 1.6000000000000001 1.6000000000000001 -4581.8609693734515531
1.6000000000000001 1.6000000000000001 1.6000000000000001 1.6000000000000001 1.6000000000000001 1.6000000000000001 1.6000000000000001 1.6000000000000001 1.6000000000000001 1.6000000000000001 1.6000000000000001 1.6000000000000001 3.0000000000000000 1.6000000000000001 1.6000000000000001 -4581.5472981582543071
1.6000000000000001 1.6000000000000001 1.6000000000000001 1.6000000000000001 1.6000000000000001 1.6000000000000001 1.6000000000000001 1.6000000000000001 1.6000000000000001 1.6000000000000001 1.6000000000000001 0.2000000000000002 1.6000000000000001 1.6000000000000001 1.6000000000000001 -4581.8609693592343319
1.6000000000000001 1.6000000000000001 1.6000000000000001 1.6000000000000001 1.6000000000000001 1.6000000000000001 1.6000000000000001 1.6000000000000001 1.6000000000000001 1.6000000000000001 1.6000000000000001 3.0000000000000000 1.6000000000000001 1.6000000000000001 1.6000000000000001 -4581.5472981587536196
1.6000000000000001 1.6000000000000001 1.6000000000000001 1.6000000000000001 1.6000000000000001 1.6000000000000001 1.6000000000000001 1.6000000000000001 1.6000000000000001 1.6000000000000001 0.2000000000000002 1.6000000000000001 1.6000000000000001 1.6000000000000001 1.6000000000000001 -4581.8609693576618156
1.6000000000000001 1.6000000000000001 1.6000000000000001 1.6000000000000001 1.6000000000000001 1.6000000000000001 1.6000000000000001 1.6000000000000001 1.6000000000000001 1.6000000000000001 3.0000000000000000 1.6000000000000001 1.6000000000000001 1.6000000000000001 1.6000000000000001 -4581.5472981588563925
1.6000000000000001 1.6000000000000001 1.6000000000000001 1.6000000000000001 1.6000000000000001 1.6000000000000001 1.6000000000000001 1.6000000000000001 1.6000000000000001 0.2000000000000002 1.6000000000000001 1.6000000000000001 1.6000000000000001 1.6000000000000001 1.6000000000000001 -4581.8609693674497976
1.6000000000000001 1.6000000000000001 1.6000000000000001 1.6000000000000001 1.6000000000000001 1.6000000000000001 1.6000000000000001 1.6000000000000001 1.6000000000000001 3.0000000000000000 1.6000000000000001 1.6000000000000001 1.6000000000000001 1.6000000000000001 1.6000000000000001 -4581.5472981584671288
1.6000000000000001 1.6000000000000001 1.6000000000000001 1.6000000000000001 1.6000000000000001 1.6000000000000001 1.6000000000000001 1.6000000000000001 0.2000000000000002 1.6000000000000001 1.6000000000000001 1.6000000000000001 1.6000000000000001 1.6000000000000001 1.6000000000000001 -4581.8609693576299833
1.6000000000000001 1.6000000000000001 1.6000000000000001 1.6000000000000001 1.6000000000000001 1.6000000000000001 1.6000000000000001 1.6000000000000001 3.0000000000000000 1.6000000000000001 1.6000000000000001 1.6000000000000001 1.6000000000000001 1.6000000000000001 1.6000000000000001 -4581.5472981588764014
1.6000000000000001 1.6000000000000001 1.6000000000000001 1.6000000000000001 1.6000000000000001 1.6000000000000001 1.6000000000000001 0.2000000000000002 1.6000000000000001 1.6000000000000001 1.6000000000000001 1.6000000000000001 1.6000000000000001 1.6000000000000001 1.6000000000000001 -4581.8609693663356666
1.6000000000000001 1.6000000000000001 1.6000000000000001 1.6000000000000001 1.6000000000000001 1.6000000000000001 1.6000000000000001 3.0000000000000000 1.6000000000000001 1.6000000000000001 1.6000000000000001 1.6000000000000001 1.6000000000000001 1.6000000000000001 1.6000000000000001 -4581.5472981331640767
1.6000000000000001 1.6000000000000001 1.6000000000000001 1.6000000000000001 1.6000000000000001 1.6000000000000001 0.2000000000000002 1.6000000000000001 1.6000000000000001 1.6000000000000001 1.6000000000000001 1.6000000000000001 1.6000000000000001 1.6000000000000001 1.6000000000000001 -4581.8609693664857332
1.6000000000000001 1.6000000000000001 1.6000000000000001 1.6000000000000001 1.6000000000000001 1.6000000000000001 3.0000000000000000 1.6000000000000001 1.6000000000000001 1.6000000000000001 1.6000000000000001 1.6000000000000001 1.6000000000000001 1.6000000000000001 1.6000000000000001 -4581.5472981305774738
1.6000000000000001 1.6000000000000001 1.6000000000000001 1.6000000000000001 1.6000000000000001 0.2000000000000002 1.6000000000000001 1.6000000000000001 1.6000000000000001 1.6000000000000001 1.6000000000000001 1.6000000000000001 1.6000000000000001 1.6000000000000001 1.6000000000000001 -4581.8609693664748193
1.6000000000000001 1.6000000000000001 1.6000000000000001 1.6000000000000001 1.6000000000000001 3.0000000000000000 1.6000000000000001 1.6000000000000001 1.6000000000000001 1.6000000000000001 1.6000000000000001 1.6000000000000001 1.6000000000000001 1.6000000000000001 1.6000000000000001 -4581.5472981304919813
1.6000000000000001 1.6000000000000001 1.6000000000000001 1.6000000000000001 0.2000000000000002 1.6000000000000001 1.6000000000000001 1.6000000000000001 1.6000000000000001 1.6000000000000001 1.6000000000000001 1.6000000000000001 1.6000000000000001 1.6000000000000001 1.6000000000000001 -4581.8609693664593578
1.6000000000000001 1.6000000000000001 1.6000000000000001 1.6000000000000001 3.0000000000000000 1.6000000000000001 1.6000000000000001 1.6000000000000001 1.6000000000000001 1.6000000000000001 1.6000000000000001 1.6000000000000001 1.6000000000000001 1.6000000000000001 1.6000000000000001 -4581.5472981364728184
1.6000000000000001 1.6000000000000001 1.6000000000000001 0.2000000000000002 1.6000000000000001 1.6000000000000001 1.6000000000000001 1.6000000000000001 1.6000000000000001 1.6000000000000001 1.6000000000000001 1.6000000000000001 1.6000000000000001 1.6000000000000001 1.6000000000000001 -4581.8609693664784572
1.6000000000000001 1.6000000000000001 1.6000000000000001 3.0000000000000000 1.6000000000000001 1.6000000000000001 1.6000000000000001 1.6000000000000001 1.6000000000000001 1.6000000000000001 1.6000000000000001 1.6000000000000001 1.6000000000000001 1.6000000000000001 1.6000000000000001 -4581.5472981331186020
1.6000000000000001 1.6000000000000001 0.2000000000000002 1.6000000000000001 1.6000000000000001 1.6000000000000001 1.6000000000000001 1.6000000000000001 1.6000000000000001 1.6000000000000001 1.6000000000000001 1.6000000000000001 1.6000000000000001 1.6000000000000001 1.6000000000000001 -4581.8609693665075611
1.6000000000000001 1.6000000000000001 3.0000000000000000 1.6000000000000001 1.6000000000000001 1.6000000000000001 1.6000000000000001 1.6000000000000001 1.6000000000000001 1.6000000000000001 1.6000000000000001 1.6000000000000001 1.6000000000000001 1.6000000000000001 1.6000000000000001 -4581.5472981298407831
1.6000000000000001 0.2000000000000002 1.6000000000000001 1.6000000000000001 1.6000000000000001 1.6000000000000001 1.6000000000000001 1.6000000000000001 1.6000000000000001 1.6000000000000001 1.6000000000000001 1.6000000000000001 1.6000000000000001 1.6000000000000001 1.6000000000000001 -4581.8609693664002407
1.6000000000000001 3.0000000000000000 1.6000000000000001 1.6000000000000001 1.6000000000000001 1.6000000000000001 1.6000000000000001 1.6000000000000001 1.6000000000000001 1.6000000000000001 1.6000000000000001 1.6000000000000001 1.6000000000000001 1.6000000000000001 1.6000000000000001 -4581.5472981305010762
0.2000000000000002 1.6000000000000001 1.6000000000000001 1.6000000000000001 1.6000000000000001 1.6000000000000001 1.6000000000000001 1.6000000000000001 1.6000000000000001 1.6000000000000001 1.6000000000000001 1.6000000000000001 1.6000000000000001 1.6000000000000001 1.6000000000000001 -4581.8609693664666338
3.0000000000000000 1.6000000000000001 1.6000000000000001 1.6000000000000001 1.6000000000000001 1.6000000000000001 1.6000000000000001 1.6000000000000001 1.6000000000000001 1.6000000000000001 1.6000000000000001 1.6000000000000001 1.6000000000000001 1.6000000000000001 1.6000000000000001 -4581.5472981304055793
