1.6000000000000001 1.6000000000000001 1.6000000000000001 1.6000000000000001 1.6000000000000001 1.6000000000000001 1.6000000000000001 1.6000000000000001 1.6000000000000001 1.6000000000000001 1.6000000000000001 1.6000000000000001 1.6000000000000001 1.6000000000000001 1.6000000000000001 11.8648837546712915
1.6000000000000001 1.6000000000000001 1.6000000000000001 1.6000000000000001 1.6000000000000001 1.6000000000000001 1.6000000000000001 1.6000000000000001 1.6000000000000001 1.6000000000000001 1.6000000000000001 1.6000000000000001 1.6000000000000001 1.6000000000000001 0.2000000000000002 9.3544609700615862
1.6000000000000001 1.6000000000000001 1.6000000000000001 1.6000000000000001 1.6000000000000001 1.6000000000000001 1.6000000000000001 1.6000000000000001 1.6000000000000001 1.6000000000000001 1.6000000000000001 1.6000000000000001 1.6000000000000001 1.6000000000000001 3.0000000000000000 12.8043725060797158
1.6000000000000001 1.6000000000000001 1.6000000000000001 1.6000000000000001 1.6000000000000001 1.6000000000000001 1.6000000000000001 1.6000000000000001 1.6000000000000001 1.6000000000000001 1.6000000000000001 1.6000000000000001 1.6000000000000001 0.2000000000000002 1.6000000000000001 9.3544609710110276
1.6000000000000001 1.6000000000000001 1.6000000000000001 1.6000000000000001 1.6000000000000001 1.6000000000000001 1.6000000000000001 1.6000000000000001 1.6000000000000001 1.6000000000000001 1.6000000000000001 1.6000000000000001 1.6000000000000001 3.0000000000000000 1.6000000000000001 12.8043725060648299
1.6000000000000001 1.6000000000000001 1.6000000000000001 1.6000000000000001 1.6000000000000001 1.6000000000000001 1.6000000000000001 1.6000000000000001 1.6000000000000001 1.6000000000000001 1.6000000000000001 1.6000000000000001 0.2000000000000002 1.6000000000000001 1.6000000000000001 9.3544609720876082
1.6000000000000001 1.6000000000000001 1.6000000000000001 1.6000000000000001 1.6000000000000001 1.6000000000000001 1.6000000000000001 1.6000000000000001 1.6000000000000001 1.6000000000000001 1.6000000000000001 1.6000000000000001 3.0000000000000000 1.6000000000000001 1.6000000000000001 12.8043725061503118
1.6000000000000001 1.6000000000000001 1.6000000000000001 1.6000000000000001 1.6000000000000001 1.6000000000000001 1.6000000000000001 1.6000000000000001 1.6000000000000001 1.6000000000000001 1.6000000000000001 0.2000000000000002 1.6000000000000001 1.6000000000000001 1.6000000000000001 9.3544609710800621
1.6000000000000001 1.6000000000000001 1.6000000000000001 1.6000000000000001 1.6000000000000001 1.6000000000000001 1.6000000000000001 1.6000000000000001 1.6000000000000001 1.6000000000000001 1.6000000000000001 3.0000000000000000 1.6000000000000001 1.6000000000000001 1.6000000000000001 12.8043725060899902
1.6000000000000001 1.6000000000000001 1.6000000000000001 1.6000000000000001 1.6000000000000001 1.6000000000000001 1.6000000000000001 1.6000000000000001 1.6000000000000001 1.6000000000000001 0.2000000000000002 1.6000000000000001 1.6000000000000001 1.6000000000000001 1.6000000000000001 9.3544609709879776
1.6000000000000001 1.6000000000000001 1.6000000000000001 1.6000000000000001 1.6000000000000001 1.6000000000000001 1.6000000000000001 1.6000000000000001 1.6000000000000001 1.6000000000000001 3.0000000000000000 1.6000000000000001 1.6000000000000001 1.6000000000000001 1.6000000000000001 12.8043725060798614
1.6000000000000001 1.6000000000000001 1.6000000000000001 1.6000000000000001 1.6000000000000001 1.6000000000000001 1.6000000000000001 1.6000000000000001 1.6000000000000001 0.2000000000000002 1.6000000000000001 1.6000000000000001 1.6000000000000001 1.6000000000000001 1.6000000000000001 9.3544609708744488
1.6000000000000001 1.6000000000000001 1.6000000000000001 1.6000000000000001 1.6000000000000001 1.6000000000000001 1.6000000000000001 1.6000000000000001 1.6000000000000001 3.0000000000000000 1.6000000000000001 1.6000000000000001 1.6000000000000001 1.6000000000000001 1.6000000000000001 12.8043725060374776
1.6000000000000001 1.6000000000000001 1.6000000000000001 1.6000000000000001 1.6000000000000001 1.6000000000000001 1.6000000000000001 1.6000000000000001 0.2000000000000002 1.6000000000000001 1.6000000000000001 1.6000000000000001 1.6000000000000001 1.6000000000000001 1.6000000000000001 9.3544609713727827
1.6000000000000001 1.6000000000000001 1.6000000000000001 1.6000000000000001 1.6000000000000001 1.6000000000000001 1.6000000000000001 1.6000000000000001 3.0000000000000000 1.6000000000000001 1.6000000000000001 1.6000000000000001 1.6000000000000001 1.6000000000000001 1.6000000000000001 12.8043725058588294
1.6000000000000001 1.6000000000000001 1.6000000000000001 1.6000000000000001 1.6000000000000001 1.6000000000000001 1.6000000000000001 0.2000000000000002 1.6000000000000001 1.6000000000000001 1.6000000000000001 1.6000000000000001 1.6000000000000001 1.6000000000000001 1.6000000000000001 9.3544609702567580
1.6000000000000001 1.6000000000000001 1.6000000000000001 1.6000000000000001 1.6000000000000001 1.6000000000000001 1.6000000000000001 3.0000000000000000 1.6000000000000001 1.6000000000000001 1.6000000000000001 1.6000000000000001 1.6000000000000001 1.6000000000000001 1.6000000000000001 12.8043725061322053
1.6000000000000001 1.6000000000000001 1.6000000000000001 1.6000000000000001 1.6000000000000001 1.6000000000000001 0.2000000000000002 1.6000000000000001 1.6000000000000001 1.6000000000000001 1.6000000000000001 1.6000000000000001 1.6000000000000001 1.6000000000000001 1.6000000000000001 9.3544609708227657
1.6000000000000001 1.6000000000000001 1.6000000000000001 1.6000000000000001 1.6000000000000001 1.6000000000000001 3.0000000000000000 1.6000000000000001 1.6000000000000001 1.6000000000000001 1.6000000000000001 1.6000000000000001 1.6000000000000001 1.6000000000000001 1.6000000000000001 12.8043725059121929
1.6000000000000001 1.6000000000000001 1.6000000000000001 1.6000000000000001 1.6000000000000001 0.2000000000000002 1.6000000000000001 1.6000000000000001 1.6000000000000001 1.6000000000000001 1.6000000000000001 1.6000000000000001 1.6000000000000001 1.6000000000000001 1.6000000000000001 9.3544609709482529
1.6000000000000001 1.6000000000000001 1.6000000000000001 1.6000000000000001 1.6000000000000001 3.0000000000000000 1.6000000000000001 1.6000000000000001 1.6000000000000001 1.6000000000000001 1.6000000000000001 1.6000000000000001 1.6000000000000001 1.6000000000000001 1.6000000000000001 12.8043725060612061
1.6000000000000001 1.6000000000000001 1.6000000000000001 1.6000000000000001 0.2000000000000002 1.6000000000000001 1.6000000000000001 1.6000000000000001 1.6000000000000001 1.6000000000000001 1.6000000000000001 1.6000000000000001 1.6000000000000001 1.6000000000000001 1.6000000000000001 9.3544609711301625
1.6000000000000001 1.6000000000000001 1.6000000000000001 1.6000000000000001 3.0000000000000000 1.6000000000000001 1.6000000000000001 1.6000000000000001 1.6000000000000001 1.6000000000000001 1.6000000000000001 1.6000000000000001 1.6000000000000001 1.6000000000000001 1.6000000000000001 12.8043725060729532
1.6000000000000001 1.6000000000000001 1.6000000000000001 0.2000000000000002 1.6000000000000001 1.6000000000000001 1.6000000000000001 1.6000000000000001 1.6000000000000001 1.6000000000000001 1.6000000000000001 1.6000000000000001 1.6000000000000001 1.6000000000000001 1.6000000000000001 9.3544609709023607
1.6000000000000001 1.6000000000000001 1.6000000000000001 3.0000000000000000 1.6000000000000001 1.6000000000000001 1.6000000000000001 1.6000000000000001 1.6000000000000001 1.6000000000000001 1.6000000000000001 1.6000000000000001 1.6000000000000001 1.6000000000000001 1.6000000000000001 12.8043725060508606
1.6000000000000001 1.6000000000000001 0.2000000000000002 1.6000000000000001 1.6000000000000001 1.6000000000000001 1.6000000000000001 1.6000000000000001 1.6000000000000001 1.6000000000000001 1.6000000000000001 1.6000000000000001 1.6000000000000001 1.6000000000000001 1.6000000000000001 9.3544609705418154
1.6000000000000001 1.6000000000000001 3.0000000000000000 1.6000000000000001 1.6000000000000001 1.6000000000000001 1.6000000000000001 1.6000000000000001 1.6000000000000001 1.6000000000000001 1.6000000000000001 1.6000000000000001 1.6000000000000001 1.6000000000000001 1.6000000000000001 12.8043725060848246
1.6000000000000001 0.2000000000000002 1.6000000000000001 1.6000000000000001 1.6000000000000001 1.6000000000000001 1.6000000000000001 1.6000000000000001 1.6000000000000001 1.6000000000000001 1.6000000000000001 1.6000000000000001 1.6000000000000001 1.6000000000000001 1.6000000000000001 9.3544609718476046
1.6000000000000001 3.0000000000000000 1.6000000000000001 1.6000000000000001 1.6000000000000001 1.6000000000000001 1.6000000000000001 1.6000000000000001 1.6000000000000001 1.6000000000000001 1.6000000000000001 1.6000000000000001 1.6000000000000001 1.6000000000000001 1.6000000000000001 12.8043725060690718
0.2000000000000002 1.6000000000000001 1.6000000000000001 1.6000000000000001 1.6000000000000001 1.6000000000000001 1.6000000000000001 1.6000000000000001 1.6000000000000001 1.6000000000000001 1.6000000000000001 1.6000000000000001 1.6000000000000001 1.6000000000000001 1.6000000000000001 9.3544609710428510
3.0000000000000000 1.6000000000000001 1.6000000000000001 1.6000000000000001 1.6000000000000001 1.6000000000000001 1.6000000000000001 1.6000000000000001 1.6000000000000001 1.6000000000000001 1.6000000000000001 1.6000000000000001 1.6000000000000001 1.6000000000000001 1.6000000000000001 12.8043725060300648
