1.0000000000000000 1030.6686935517955135 1028.2266262140583422
2.0000000000000000 824.4265104956996311 822.4919383560842334
3.0000000000000000 659.4546452110005248 657.9229765729922974
4.0000000000000000 527.4946885994891090 526.2826684313141641
5.0000000000000000 421.9407586516790616 420.9821713235185143
6.0000000000000000 337.5088355919078822 336.7510588756102266
7.0000000000000000 269.9722573369713245 269.3735029660632563
8.0000000000000000 215.9501424505197065 215.4772487895521351
9.0000000000000000 172.7381468775838584 172.3648154729382327
10.0000000000000000 138.1730859561312172 137.8784741701946359
