TASMANIAN SG 4.0
WARNING: do not edit this manually
localpolynomial
15 1 1 1
localp
1 15 31 0 0 0 0 0 0 0 0 0 0 0 0 0 0 0 0 0 0 0 0 0 0 0 0 0 0 0 0 0 1 0 0 0 0 0 0 0 0 0 0 0 0 0 0 2 0 0 0 0 0 0 0 0 0 0 0 0 0 1 0 0 0 0 0 0 0 0 0 0 0 0 0 0 2 0 0 0 0 0 0 0 0 0 0 0 0 0 1 0 0 0 0 0 0 0 0 0 0 0 0 0 0 2 0 0 0 0 0 0 0 0 0 0 0 0 0 1 0 0 0 0 0 0 0 0 0 0 0 0 0 0 2 0 0 0 0 0 0 0 0 0 0 0 0 0 1 0 0 0 0 0 0 0 0 0 0 0 0 0 0 2 0 0 0 0 0 0 0 0 0 0 0 0 0 1 0 0 0 0 0 0 0 0 0 0 0 0 0 0 2 0 0 0 0 0 0 0 0 0 0 0 0 0 1 0 0 0 0 0 0 0 0 0 0 0 0 0 0 2 0 0 0 0 0 0 0 0 0 0 0 0 0 1 0 0 0 0 0 0 0 0 0 0 0 0 0 0 2 0 0 0 0 0 0 0 0 0 0 0 0 0 1 0 0 0 0 0 0 0 0 0 0 0 0 0 0 2 0 0 0 0 0 0 0 0 0 0 0 0 0 1 0 0 0 0 0 0 0 0 0 0 0 0 0 0 2 0 0 0 0 0 0 0 0 0 0 0 0 0 1 0 0 0 0 0 0 0 0 0 0 0 0 0 0 2 0 0 0 0 0 0 0 0 0 0 0 0 0 1 0 0 0 0 0 0 0 0 0 0 0 0 0 0 2 0 0 0 0 0 0 0 0 0 0 0 0 0 1 0 0 0 0 0 0 0 0 0 0 0 0 0 0 2 0 0 0 0 0 0 0 0 0 0 0 0 0 1 0 0 0 0 0 0 0 0 0 0 0 0 0 0 2 0 0 0 0 0 0 0 0 0 0 0 0 0 1 0 0 0 0 0 0 0 0 0 0 0 0 0 0 2 0 0 0 0 0 0 0 0 0 0 0 0 0 0
1  -4.27110950976088770e+03 -3.43956649405299686e-01 1.63777828819547722e-01 -3.43956658526622050e-01 1.63777829235186800e-01 -3.43956660513867973e-01 1.63777829189712065e-01 -3.43956650970540068e-01 1.63777828854108520e-01 -3.43956647751838318e-01 1.63777828870479425e-01 -3.43956655771762598e-01 1.63777829091486637e-01 -3.43956647699997120e-01 1.63777828836828121e-01 -3.43956653940949764e-01 1.63777856482738571e-01 -3.43956654184694344e-01 1.63777858538196597e-01 -3.43956654168323439e-01 1.63777858679168276e-01 -3.43956654142857587e-01 1.63777850785663759e-01 -3.43956654173780407e-01 1.63777856551860168e-01 -3.43956654222893121e-01 1.63777859329456987e-01 -3.43956654044632160e-01 1.63777858674620802e-01 -3.43956654155590513e-01 1.63777858827415912e-01
0
0
1 0
0 30 30 30 30 30 30 30 30 30 30 30 30 30 30 30 30 30 30 30 30 30 30 30 30 30 30 30 30 30 30 30
29 30 27 28 25 26 23 24 21 22 19 20 17 18 15 16 13 14 11 12 9 10 7 8 5 6 3 4 1 2
1 31 1 -4.27110950976088770e+03 -4.27145346641029300e+03 -4.27094573193206816e+03 -4.27145346641941433e+03 -4.27094573193165252e+03 -4.27145346642140157e+03 -4.27094573193169799e+03 -4.27145346641185824e+03 -4.27094573193203360e+03 -4.27145346640863954e+03 -4.27094573193201722e+03 -4.27145346641665947e+03 -4.27094573193179622e+03 -4.27145346640858770e+03 -4.27094573193205088e+03 -4.27145346641482865e+03 -4.27094573190440497e+03 -4.27145346641507240e+03 -4.27094573190234951e+03 -4.27145346641505603e+03 -4.27094573190220854e+03 -4.27145346641503056e+03 -4.27094573191010204e+03 -4.27145346641506148e+03 -4.27094573190433584e+03 -4.27145346641511060e+03 -4.27094573190155825e+03 -4.27145346641493234e+03 -4.27094573190221308e+03 -4.27145346641504329e+03 -4.27094573190206029e+03
custom
2.00000000000000011e-01 3.00000000000000000e+00
2.00000000000000011e-01 3.00000000000000000e+00
2.00000000000000011e-01 3.00000000000000000e+00
2.00000000000000011e-01 3.00000000000000000e+00
2.00000000000000011e-01 3.00000000000000000e+00
2.00000000000000011e-01 3.00000000000000000e+00
2.00000000000000011e-01 3.00000000000000000e+00
2.00000000000000011e-01 3.00000000000000000e+00
2.00000000000000011e-01 3.00000000000000000e+00
2.00000000000000011e-01 3.00000000000000000e+00
2.00000000000000011e-01 3.00000000000000000e+00
2.00000000000000011e-01 3.00000000000000000e+00
2.00000000000000011e-01 3.00000000000000000e+00
2.00000000000000011e-01 3.00000000000000000e+00
2.00000000000000011e-01 3.00000000000000000e+00
TASMANIAN SG end
