TASMANIAN SG 4.0
WARNING: do not edit this manually
localpolynomial
15 1 1 1
localp
1 15 31 0 0 0 0 0 0 0 0 0 0 0 0 0 0 0 0 0 0 0 0 0 0 0 0 0 0 0 0 0 1 0 0 0 0 0 0 0 0 0 0 0 0 0 0 2 0 0 0 0 0 0 0 0 0 0 0 0 0 1 0 0 0 0 0 0 0 0 0 0 0 0 0 0 2 0 0 0 0 0 0 0 0 0 0 0 0 0 1 0 0 0 0 0 0 0 0 0 0 0 0 0 0 2 0 0 0 0 0 0 0 0 0 0 0 0 0 1 0 0 0 0 0 0 0 0 0 0 0 0 0 0 2 0 0 0 0 0 0 0 0 0 0 0 0 0 1 0 0 0 0 0 0 0 0 0 0 0 0 0 0 2 0 0 0 0 0 0 0 0 0 0 0 0 0 1 0 0 0 0 0 0 0 0 0 0 0 0 0 0 2 0 0 0 0 0 0 0 0 0 0 0 0 0 1 0 0 0 0 0 0 0 0 0 0 0 0 0 0 2 0 0 0 0 0 0 0 0 0 0 0 0 0 1 0 0 0 0 0 0 0 0 0 0 0 0 0 0 2 0 0 0 0 0 0 0 0 0 0 0 0 0 1 0 0 0 0 0 0 0 0 0 0 0 0 0 0 2 0 0 0 0 0 0 0 0 0 0 0 0 0 1 0 0 0 0 0 0 0 0 0 0 0 0 0 0 2 0 0 0 0 0 0 0 0 0 0 0 0 0 1 0 0 0 0 0 0 0 0 0 0 0 0 0 0 2 0 0 0 0 0 0 0 0 0 0 0 0 0 1 0 0 0 0 0 0 0 0 0 0 0 0 0 0 2 0 0 0 0 0 0 0 0 0 0 0 0 0 1 0 0 0 0 0 0 0 0 0 0 0 0 0 0 2 0 0 0 0 0 0 0 0 0 0 0 0 0 1 0 0 0 0 0 0 0 0 0 0 0 0 0 0 2 0 0 0 0 0 0 0 0 0 0 0 0 0 1 0 0 0 0 0 0 0 0 0 0 0 0 0 0 2 0 0 0 0 0 0 0 0 0 0 0 0 0 0
1  -2.50020309246230136e+03 -1.19132618897856446e+00 4.93917044949739648e-01 -1.19132619426227393e+00 4.93917045024318213e-01 -1.19132619099264048e+00 4.93917044945192174e-01 -1.19132618879757501e+00 4.93917044903355418e-01 -1.19132619150741448e+00 4.93917044947920658e-01 -1.19132619177298693e+00 4.93917044964291563e-01 -1.19132619132506079e+00 4.93917044837871799e-01 -1.19132618778075994e+00 4.93917071510622918e-01 -1.19132618862749950e+00 4.93917070897623489e-01 -1.19132618856792760e+00 4.93917071417854459e-01 -1.19132618848107086e+00 4.93917062221498782e-01 -1.19132618858930073e+00 4.93917071680698427e-01 -1.19132618876028573e+00 4.93917072254589584e-01 -1.19132618814091984e+00 4.93917071483338077e-01 -1.19132618852290761e+00 4.93917071999931068e-01
0
0
1 0
0 30 30 30 30 30 30 30 30 30 30 30 30 30 30 30 30 30 30 30 30 30 30 30 30 30 30 30 30 30 30 30
29 30 27 28 25 26 23 24 21 22 19 20 17 18 15 16 13 14 11 12 9 10 7 8 5 6 3 4 1 2
1 31 1 -2.50020309246230136e+03 -2.50139441865127992e+03 -2.49970917541735162e+03 -2.50139441865656363e+03 -2.49970917541727704e+03 -2.50139441865329400e+03 -2.49970917541735616e+03 -2.50139441865109893e+03 -2.49970917541739800e+03 -2.50139441865380877e+03 -2.49970917541735344e+03 -2.50139441865407434e+03 -2.49970917541733706e+03 -2.50139441865362642e+03 -2.49970917541746348e+03 -2.50139441865008212e+03 -2.49970917539079073e+03 -2.50139441865092886e+03 -2.49970917539140373e+03 -2.50139441865086928e+03 -2.49970917539088350e+03 -2.50139441865078243e+03 -2.49970917540007986e+03 -2.50139441865089066e+03 -2.49970917539062066e+03 -2.50139441865106164e+03 -2.49970917539004677e+03 -2.50139441865044228e+03 -2.49970917539081802e+03 -2.50139441865082426e+03 -2.49970917539030143e+03
custom
2.00000000000000011e-01 3.00000000000000000e+00
2.00000000000000011e-01 3.00000000000000000e+00
2.00000000000000011e-01 3.00000000000000000e+00
2.00000000000000011e-01 3.00000000000000000e+00
2.00000000000000011e-01 3.00000000000000000e+00
2.00000000000000011e-01 3.00000000000000000e+00
2.00000000000000011e-01 3.00000000000000000e+00
2.00000000000000011e-01 3.00000000000000000e+00
2.00000000000000011e-01 3.00000000000000000e+00
2.00000000000000011e-01 3.00000000000000000e+00
2.00000000000000011e-01 3.00000000000000000e+00
2.00000000000000011e-01 3.00000000000000000e+00
2.00000000000000011e-01 3.00000000000000000e+00
2.00000000000000011e-01 3.00000000000000000e+00
2.00000000000000011e-01 3.00000000000000000e+00
TASMANIAN SG end
