TASMANIAN SG 4.0
WARNING: do not edit this manually
localpolynomial
15 1 1 1
localp
1 15 31 0 0 0 0 0 0 0 0 0 0 0 0 0 0 0 0 0 0 0 0 0 0 0 0 0 0 0 0 0 1 0 0 0 0 0 0 0 0 0 0 0 0 0 0 2 0 0 0 0 0 0 0 0 0 0 0 0 0 1 0 0 0 0 0 0 0 0 0 0 0 0 0 0 2 0 0 0 0 0 0 0 0 0 0 0 0 0 1 0 0 0 0 0 0 0 0 0 0 0 0 0 0 2 0 0 0 0 0 0 0 0 0 0 0 0 0 1 0 0 0 0 0 0 0 0 0 0 0 0 0 0 2 0 0 0 0 0 0 0 0 0 0 0 0 0 1 0 0 0 0 0 0 0 0 0 0 0 0 0 0 2 0 0 0 0 0 0 0 0 0 0 0 0 0 1 0 0 0 0 0 0 0 0 0 0 0 0 0 0 2 0 0 0 0 0 0 0 0 0 0 0 0 0 1 0 0 0 0 0 0 0 0 0 0 0 0 0 0 2 0 0 0 0 0 0 0 0 0 0 0 0 0 1 0 0 0 0 0 0 0 0 0 0 0 0 0 0 2 0 0 0 0 0 0 0 0 0 0 0 0 0 1 0 0 0 0 0 0 0 0 0 0 0 0 0 0 2 0 0 0 0 0 0 0 0 0 0 0 0 0 1 0 0 0 0 0 0 0 0 0 0 0 0 0 0 2 0 0 0 0 0 0 0 0 0 0 0 0 0 1 0 0 0 0 0 0 0 0 0 0 0 0 0 0 2 0 0 0 0 0 0 0 0 0 0 0 0 0 1 0 0 0 0 0 0 0 0 0 0 0 0 0 0 2 0 0 0 0 0 0 0 0 0 0 0 0 0 1 0 0 0 0 0 0 0 0 0 0 0 0 0 0 2 0 0 0 0 0 0 0 0 0 0 0 0 0 1 0 0 0 0 0 0 0 0 0 0 0 0 0 0 2 0 0 0 0 0 0 0 0 0 0 0 0 0 1 0 0 0 0 0 0 0 0 0 0 0 0 0 0 2 0 0 0 0 0 0 0 0 0 0 0 0 0 0
1  -4.05541051123783745e+03 -4.40970066896625212e-01 2.04780594346630096e-01 -4.40970075484528934e-01 2.04780594698604546e-01 -4.40970076706435066e-01 2.04780594611293054e-01 -4.40970068261776760e-01 2.04780594362091506e-01 -4.40970066126283200e-01 2.04780594431213103e-01 -4.40970072872460150e-01 2.04780594569456298e-01 -4.40970066058980592e-01 2.04780594388466852e-01 -4.40970070524144830e-01 2.04780623529586592e-01 -4.40970070837465755e-01 2.04780625188050180e-01 -4.40970070816092630e-01 2.04780625369949121e-01 -4.40970070783805568e-01 2.04780616055813880e-01 -4.40970070823823335e-01 2.04780623612805357e-01 -4.40970070887033216e-01 2.04780626019328338e-01 -4.40970070657840552e-01 2.04780625370858615e-01 -4.40970070799266978e-01 2.04780625565035734e-01
0
0
1 0
0 30 30 30 30 30 30 30 30 30 30 30 30 30 30 30 30 30 30 30 30 30 30 30 30 30 30 30 30 30 30 30
29 30 27 28 25 26 23 24 21 22 19 20 17 18 15 16 13 14 11 12 9 10 7 8 5 6 3 4 1 2
1 31 1 -4.05541051123783745e+03 -4.05585148130473408e+03 -4.05520573064349082e+03 -4.05585148131332198e+03 -4.05520573064313885e+03 -4.05585148131454389e+03 -4.05520573064322616e+03 -4.05585148130609923e+03 -4.05520573064347536e+03 -4.05585148130396374e+03 -4.05520573064340624e+03 -4.05585148131070991e+03 -4.05520573064326800e+03 -4.05585148130389643e+03 -4.05520573064344899e+03 -4.05585148130836160e+03 -4.05520573061430787e+03 -4.05585148130867492e+03 -4.05520573061264940e+03 -4.05585148130865355e+03 -4.05520573061246751e+03 -4.05585148130862126e+03 -4.05520573062178164e+03 -4.05585148130866128e+03 -4.05520573061422465e+03 -4.05585148130872449e+03 -4.05520573061181813e+03 -4.05585148130849529e+03 -4.05520573061246660e+03 -4.05585148130863672e+03 -4.05520573061227242e+03
custom
2.00000000000000011e-01 3.00000000000000000e+00
2.00000000000000011e-01 3.00000000000000000e+00
2.00000000000000011e-01 3.00000000000000000e+00
2.00000000000000011e-01 3.00000000000000000e+00
2.00000000000000011e-01 3.00000000000000000e+00
2.00000000000000011e-01 3.00000000000000000e+00
2.00000000000000011e-01 3.00000000000000000e+00
2.00000000000000011e-01 3.00000000000000000e+00
2.00000000000000011e-01 3.00000000000000000e+00
2.00000000000000011e-01 3.00000000000000000e+00
2.00000000000000011e-01 3.00000000000000000e+00
2.00000000000000011e-01 3.00000000000000000e+00
2.00000000000000011e-01 3.00000000000000000e+00
2.00000000000000011e-01 3.00000000000000000e+00
2.00000000000000011e-01 3.00000000000000000e+00
TASMANIAN SG end
