TASMANIAN SG 4.0
WARNING: do not edit this manually
localpolynomial
15 1 1 1
localp
1 15 31 0 0 0 0 0 0 0 0 0 0 0 0 0 0 0 0 0 0 0 0 0 0 0 0 0 0 0 0 0 1 0 0 0 0 0 0 0 0 0 0 0 0 0 0 2 0 0 0 0 0 0 0 0 0 0 0 0 0 1 0 0 0 0 0 0 0 0 0 0 0 0 0 0 2 0 0 0 0 0 0 0 0 0 0 0 0 0 1 0 0 0 0 0 0 0 0 0 0 0 0 0 0 2 0 0 0 0 0 0 0 0 0 0 0 0 0 1 0 0 0 0 0 0 0 0 0 0 0 0 0 0 2 0 0 0 0 0 0 0 0 0 0 0 0 0 1 0 0 0 0 0 0 0 0 0 0 0 0 0 0 2 0 0 0 0 0 0 0 0 0 0 0 0 0 1 0 0 0 0 0 0 0 0 0 0 0 0 0 0 2 0 0 0 0 0 0 0 0 0 0 0 0 0 1 0 0 0 0 0 0 0 0 0 0 0 0 0 0 2 0 0 0 0 0 0 0 0 0 0 0 0 0 1 0 0 0 0 0 0 0 0 0 0 0 0 0 0 2 0 0 0 0 0 0 0 0 0 0 0 0 0 1 0 0 0 0 0 0 0 0 0 0 0 0 0 0 2 0 0 0 0 0 0 0 0 0 0 0 0 0 1 0 0 0 0 0 0 0 0 0 0 0 0 0 0 2 0 0 0 0 0 0 0 0 0 0 0 0 0 1 0 0 0 0 0 0 0 0 0 0 0 0 0 0 2 0 0 0 0 0 0 0 0 0 0 0 0 0 1 0 0 0 0 0 0 0 0 0 0 0 0 0 0 2 0 0 0 0 0 0 0 0 0 0 0 0 0 1 0 0 0 0 0 0 0 0 0 0 0 0 0 0 2 0 0 0 0 0 0 0 0 0 0 0 0 0 1 0 0 0 0 0 0 0 0 0 0 0 0 0 0 2 0 0 0 0 0 0 0 0 0 0 0 0 0 1 0 0 0 0 0 0 0 0 0 0 0 0 0 0 2 0 0 0 0 0 0 0 0 0 0 0 0 0 0
1  -3.78574678501424751e+03 -5.65346243167368812e-01 2.55734567118452105e-01 -5.65346251072242012e-01 2.55734567402214452e-01 -5.65346251312803361e-01 2.55734567282161152e-01 -5.65346244276952348e-01 2.55734567113904632e-01 -5.65346243529347703e-01 2.55734567222134501e-01 -5.65346248642072169e-01 2.55734567287618120e-01 -5.65346243442945706e-01 2.55734567167564819e-01 -5.65346245632099453e-01 2.55734598319577344e-01 -5.65346246033641364e-01 2.55734599455990974e-01 -5.65346246005901776e-01 2.55734599691095355e-01 -5.65346245964519767e-01 2.55734588515224459e-01 -5.65346246015906218e-01 2.55734598419621761e-01 -5.65346246096851246e-01 2.55734600339110330e-01 -5.65346245803084457e-01 2.55734599700645049e-01 -5.65346245984528650e-01 2.55734599947572860e-01
0
0
1 0
0 30 30 30 30 30 30 30 30 30 30 30 30 30 30 30 30 30 30 30 30 30 30 30 30 30 30 30 30 30 30 30
29 30 27 28 25 26 23 24 21 22 19 20 17 18 15 16 13 14 11 12 9 10 7 8 5 6 3 4 1 2
1 31 1 -3.78574678501424751e+03 -3.78631213125741488e+03 -3.78549105044712906e+03 -3.78631213126531975e+03 -3.78549105044684529e+03 -3.78631213126556031e+03 -3.78549105044696535e+03 -3.78631213125852446e+03 -3.78549105044713360e+03 -3.78631213125777685e+03 -3.78549105044702537e+03 -3.78631213126288958e+03 -3.78549105044695989e+03 -3.78631213125769045e+03 -3.78549105044707994e+03 -3.78631213125987961e+03 -3.78549105041592793e+03 -3.78631213126028115e+03 -3.78549105041479152e+03 -3.78631213126025341e+03 -3.78549105041455641e+03 -3.78631213126021203e+03 -3.78549105042573228e+03 -3.78631213126026341e+03 -3.78549105041582789e+03 -3.78631213126034436e+03 -3.78549105041390840e+03 -3.78631213126005059e+03 -3.78549105041454686e+03 -3.78631213126023204e+03 -3.78549105041429993e+03
custom
2.00000000000000011e-01 3.00000000000000000e+00
2.00000000000000011e-01 3.00000000000000000e+00
2.00000000000000011e-01 3.00000000000000000e+00
2.00000000000000011e-01 3.00000000000000000e+00
2.00000000000000011e-01 3.00000000000000000e+00
2.00000000000000011e-01 3.00000000000000000e+00
2.00000000000000011e-01 3.00000000000000000e+00
2.00000000000000011e-01 3.00000000000000000e+00
2.00000000000000011e-01 3.00000000000000000e+00
2.00000000000000011e-01 3.00000000000000000e+00
2.00000000000000011e-01 3.00000000000000000e+00
2.00000000000000011e-01 3.00000000000000000e+00
2.00000000000000011e-01 3.00000000000000000e+00
2.00000000000000011e-01 3.00000000000000000e+00
2.00000000000000011e-01 3.00000000000000000e+00
TASMANIAN SG end
