TASMANIAN SG 4.0
WARNING: do not edit this manually
localpolynomial
15 1 1 1
localp
1 15 31 0 0 0 0 0 0 0 0 0 0 0 0 0 0 0 0 0 0 0 0 0 0 0 0 0 0 0 0 0 1 0 0 0 0 0 0 0 0 0 0 0 0 0 0 2 0 0 0 0 0 0 0 0 0 0 0 0 0 1 0 0 0 0 0 0 0 0 0 0 0 0 0 0 2 0 0 0 0 0 0 0 0 0 0 0 0 0 1 0 0 0 0 0 0 0 0 0 0 0 0 0 0 2 0 0 0 0 0 0 0 0 0 0 0 0 0 1 0 0 0 0 0 0 0 0 0 0 0 0 0 0 2 0 0 0 0 0 0 0 0 0 0 0 0 0 1 0 0 0 0 0 0 0 0 0 0 0 0 0 0 2 0 0 0 0 0 0 0 0 0 0 0 0 0 1 0 0 0 0 0 0 0 0 0 0 0 0 0 0 2 0 0 0 0 0 0 0 0 0 0 0 0 0 1 0 0 0 0 0 0 0 0 0 0 0 0 0 0 2 0 0 0 0 0 0 0 0 0 0 0 0 0 1 0 0 0 0 0 0 0 0 0 0 0 0 0 0 2 0 0 0 0 0 0 0 0 0 0 0 0 0 1 0 0 0 0 0 0 0 0 0 0 0 0 0 0 2 0 0 0 0 0 0 0 0 0 0 0 0 0 1 0 0 0 0 0 0 0 0 0 0 0 0 0 0 2 0 0 0 0 0 0 0 0 0 0 0 0 0 1 0 0 0 0 0 0 0 0 0 0 0 0 0 0 2 0 0 0 0 0 0 0 0 0 0 0 0 0 1 0 0 0 0 0 0 0 0 0 0 0 0 0 0 2 0 0 0 0 0 0 0 0 0 0 0 0 0 1 0 0 0 0 0 0 0 0 0 0 0 0 0 0 2 0 0 0 0 0 0 0 0 0 0 0 0 0 1 0 0 0 0 0 0 0 0 0 0 0 0 0 0 2 0 0 0 0 0 0 0 0 0 0 0 0 0 1 0 0 0 0 0 0 0 0 0 0 0 0 0 0 2 0 0 0 0 0 0 0 0 0 0 0 0 0 0
1  -1.84142829882103092e+03 -1.52734122056449451e+00 6.13134570758120390e-01 -1.52734122504898551e+00 6.13134570755619279e-01 -1.52734122096012470e+00 6.13134570743795848e-01 -1.52734121968956060e+00 6.13134570717420502e-01 -1.52734122162405583e+00 6.13134570731972417e-01 -1.52734122180163467e+00 6.13134570750162311e-01 -1.52734122138986095e+00 6.13134570593274475e-01 -1.52734121903290543e+00 6.13134583074725015e-01 -1.52734122011815998e+00 6.13134582245947968e-01 -1.52734122004176243e+00 6.13134582930342731e-01 -1.52734121993103145e+00 6.13134583720011506e-01 -1.52734122006972939e+00 6.13134583273904354e-01 -1.52734122028891761e+00 6.13134584021736373e-01 -1.52734121949470136e+00 6.13134583028340785e-01 -1.52734121998423689e+00 6.13134583694773028e-01
0
0
1 0
0 30 30 30 30 30 30 30 30 30 30 30 30 30 30 30 30 30 30 30 30 30 30 30 30 30 30 30 30 30 30 30
29 30 27 28 25 26 23 24 21 22 19 20 17 18 15 16 13 14 11 12 9 10 7 8 5 6 3 4 1 2
1 31 1 -1.84142829882103092e+03 -1.84295564004159542e+03 -1.84081516425027280e+03 -1.84295564004607991e+03 -1.84081516425027530e+03 -1.84295564004199105e+03 -1.84081516425028713e+03 -1.84295564004072048e+03 -1.84081516425031350e+03 -1.84295564004265498e+03 -1.84081516425029895e+03 -1.84295564004283256e+03 -1.84081516425028076e+03 -1.84295564004242078e+03 -1.84081516425043765e+03 -1.84295564004006383e+03 -1.84081516423795620e+03 -1.84295564004114908e+03 -1.84081516423878497e+03 -1.84295564004107268e+03 -1.84081516423810058e+03 -1.84295564004096195e+03 -1.84081516423731091e+03 -1.84295564004110065e+03 -1.84081516423775702e+03 -1.84295564004131984e+03 -1.84081516423700918e+03 -1.84295564004052562e+03 -1.84081516423800258e+03 -1.84295564004101516e+03 -1.84081516423733615e+03
custom
2.00000000000000011e-01 3.00000000000000000e+00
2.00000000000000011e-01 3.00000000000000000e+00
2.00000000000000011e-01 3.00000000000000000e+00
2.00000000000000011e-01 3.00000000000000000e+00
2.00000000000000011e-01 3.00000000000000000e+00
2.00000000000000011e-01 3.00000000000000000e+00
2.00000000000000011e-01 3.00000000000000000e+00
2.00000000000000011e-01 3.00000000000000000e+00
2.00000000000000011e-01 3.00000000000000000e+00
2.00000000000000011e-01 3.00000000000000000e+00
2.00000000000000011e-01 3.00000000000000000e+00
2.00000000000000011e-01 3.00000000000000000e+00
2.00000000000000011e-01 3.00000000000000000e+00
2.00000000000000011e-01 3.00000000000000000e+00
2.00000000000000011e-01 3.00000000000000000e+00
TASMANIAN SG end
