TASMANIAN SG 4.0
WARNING: do not edit this manually
localpolynomial
15 1 1 1
localp
1 15 31 0 0 0 0 0 0 0 0 0 0 0 0 0 0 0 0 0 0 0 0 0 0 0 0 0 0 0 0 0 1 0 0 0 0 0 0 0 0 0 0 0 0 0 0 2 0 0 0 0 0 0 0 0 0 0 0 0 0 1 0 0 0 0 0 0 0 0 0 0 0 0 0 0 2 0 0 0 0 0 0 0 0 0 0 0 0 0 1 0 0 0 0 0 0 0 0 0 0 0 0 0 0 2 0 0 0 0 0 0 0 0 0 0 0 0 0 1 0 0 0 0 0 0 0 0 0 0 0 0 0 0 2 0 0 0 0 0 0 0 0 0 0 0 0 0 1 0 0 0 0 0 0 0 0 0 0 0 0 0 0 2 0 0 0 0 0 0 0 0 0 0 0 0 0 1 0 0 0 0 0 0 0 0 0 0 0 0 0 0 2 0 0 0 0 0 0 0 0 0 0 0 0 0 1 0 0 0 0 0 0 0 0 0 0 0 0 0 0 2 0 0 0 0 0 0 0 0 0 0 0 0 0 1 0 0 0 0 0 0 0 0 0 0 0 0 0 0 2 0 0 0 0 0 0 0 0 0 0 0 0 0 1 0 0 0 0 0 0 0 0 0 0 0 0 0 0 2 0 0 0 0 0 0 0 0 0 0 0 0 0 1 0 0 0 0 0 0 0 0 0 0 0 0 0 0 2 0 0 0 0 0 0 0 0 0 0 0 0 0 1 0 0 0 0 0 0 0 0 0 0 0 0 0 0 2 0 0 0 0 0 0 0 0 0 0 0 0 0 1 0 0 0 0 0 0 0 0 0 0 0 0 0 0 2 0 0 0 0 0 0 0 0 0 0 0 0 0 1 0 0 0 0 0 0 0 0 0 0 0 0 0 0 2 0 0 0 0 0 0 0 0 0 0 0 0 0 1 0 0 0 0 0 0 0 0 0 0 0 0 0 0 2 0 0 0 0 0 0 0 0 0 0 0 0 0 1 0 0 0 0 0 0 0 0 0 0 0 0 0 0 2 0 0 0 0 0 0 0 0 0 0 0 0 0 0
1  -3.44861587329914528e+03 -7.24802879411981849e-01 3.18944868467042397e-01 -7.24802886441921146e-01 3.18944868680773652e-01 -7.24802885423741827e-01 3.18944868547077931e-01 -7.24802880193237797e-01 3.18944868444305030e-01 -7.24802881225969031e-01 3.18944868562539341e-01 -7.24802884244127199e-01 3.18944868580729235e-01 -7.24802881115465425e-01 3.18944868493417744e-01 -7.24802880386050674e-01 3.18944902347084280e-01 -7.24802880900824675e-01 3.18944902796829410e-01 -7.24802880864899635e-01 3.18944903101510135e-01 -7.24802880812148942e-01 3.18944889485010208e-01 -7.24802880878087308e-01 3.18944902467137581e-01 -7.24802880981769704e-01 3.18944903746796626e-01 -7.24802880605238897e-01 3.18944903124702250e-01 -7.24802880837614794e-01 3.18944903438477922e-01
0
0
1 0
0 30 30 30 30 30 30 30 30 30 30 30 30 30 30 30 30 30 30 30 30 30 30 30 30 30 30 30 30 30 30 30
29 30 27 28 25 26 23 24 21 22 19 20 17 18 15 16 13 14 11 12 9 10 7 8 5 6 3 4 1 2
1 31 1 -3.44861587329914528e+03 -3.44934067617855726e+03 -3.44829692843067824e+03 -3.44934067618558720e+03 -3.44829692843046450e+03 -3.44934067618456902e+03 -3.44829692843059820e+03 -3.44934067617933852e+03 -3.44829692843070097e+03 -3.44934067618037125e+03 -3.44829692843058274e+03 -3.44934067618338941e+03 -3.44829692843056455e+03 -3.44934067618026074e+03 -3.44829692843065186e+03 -3.44934067617953133e+03 -3.44829692839679819e+03 -3.44934067618004610e+03 -3.44829692839634845e+03 -3.44934067618001018e+03 -3.44829692839604377e+03 -3.44934067617995743e+03 -3.44829692840966027e+03 -3.44934067618002337e+03 -3.44829692839667814e+03 -3.44934067618012705e+03 -3.44829692839539848e+03 -3.44934067617975052e+03 -3.44829692839602058e+03 -3.44934067617998289e+03 -3.44829692839570680e+03
custom
2.00000000000000011e-01 3.00000000000000000e+00
2.00000000000000011e-01 3.00000000000000000e+00
2.00000000000000011e-01 3.00000000000000000e+00
2.00000000000000011e-01 3.00000000000000000e+00
2.00000000000000011e-01 3.00000000000000000e+00
2.00000000000000011e-01 3.00000000000000000e+00
2.00000000000000011e-01 3.00000000000000000e+00
2.00000000000000011e-01 3.00000000000000000e+00
2.00000000000000011e-01 3.00000000000000000e+00
2.00000000000000011e-01 3.00000000000000000e+00
2.00000000000000011e-01 3.00000000000000000e+00
2.00000000000000011e-01 3.00000000000000000e+00
2.00000000000000011e-01 3.00000000000000000e+00
2.00000000000000011e-01 3.00000000000000000e+00
2.00000000000000011e-01 3.00000000000000000e+00
TASMANIAN SG end
