TASMANIAN SG 4.0
WARNING: do not edit this manually
localpolynomial
15 1 1 1
localp
1 15 31 0 0 0 0 0 0 0 0 0 0 0 0 0 0 0 0 0 0 0 0 0 0 0 0 0 0 0 0 0 1 0 0 0 0 0 0 0 0 0 0 0 0 0 0 2 0 0 0 0 0 0 0 0 0 0 0 0 0 1 0 0 0 0 0 0 0 0 0 0 0 0 0 0 2 0 0 0 0 0 0 0 0 0 0 0 0 0 1 0 0 0 0 0 0 0 0 0 0 0 0 0 0 2 0 0 0 0 0 0 0 0 0 0 0 0 0 1 0 0 0 0 0 0 0 0 0 0 0 0 0 0 2 0 0 0 0 0 0 0 0 0 0 0 0 0 1 0 0 0 0 0 0 0 0 0 0 0 0 0 0 2 0 0 0 0 0 0 0 0 0 0 0 0 0 1 0 0 0 0 0 0 0 0 0 0 0 0 0 0 2 0 0 0 0 0 0 0 0 0 0 0 0 0 1 0 0 0 0 0 0 0 0 0 0 0 0 0 0 2 0 0 0 0 0 0 0 0 0 0 0 0 0 1 0 0 0 0 0 0 0 0 0 0 0 0 0 0 2 0 0 0 0 0 0 0 0 0 0 0 0 0 1 0 0 0 0 0 0 0 0 0 0 0 0 0 0 2 0 0 0 0 0 0 0 0 0 0 0 0 0 1 0 0 0 0 0 0 0 0 0 0 0 0 0 0 2 0 0 0 0 0 0 0 0 0 0 0 0 0 1 0 0 0 0 0 0 0 0 0 0 0 0 0 0 2 0 0 0 0 0 0 0 0 0 0 0 0 0 1 0 0 0 0 0 0 0 0 0 0 0 0 0 0 2 0 0 0 0 0 0 0 0 0 0 0 0 0 1 0 0 0 0 0 0 0 0 0 0 0 0 0 0 2 0 0 0 0 0 0 0 0 0 0 0 0 0 1 0 0 0 0 0 0 0 0 0 0 0 0 0 0 2 0 0 0 0 0 0 0 0 0 0 0 0 0 1 0 0 0 0 0 0 0 0 0 0 0 0 0 0 2 0 0 0 0 0 0 0 0 0 0 0 0 0 0
1  1.18648837546712915e+01 -2.51042278460970536e+00 9.39488751408424250e-01 -2.51042278366026395e+00 9.39488751393538379e-01 -2.51042278258368334e+00 9.39488751479020223e-01 -2.51042278359122939e+00 9.39488751418698698e-01 -2.51042278368331395e+00 9.39488751408569911e-01 -2.51042278379684269e+00 9.39488751366186037e-01 -2.51042278329850888e+00 9.39488751187537829e-01 -2.51042278441453348e+00 9.39488751460913818e-01 -2.51042278384852580e+00 9.39488751240901365e-01 -2.51042278372303862e+00 9.39488751389914611e-01 -2.51042278354112902e+00 9.39488751401661659e-01 -2.51042278376893080e+00 9.39488751379569109e-01 -2.51042278412947617e+00 9.39488751413533052e-01 -2.51042278282368692e+00 9.39488751397780320e-01 -2.51042278362844051e+00 9.39488751358773300e-01
0
0
1 0
0 30 30 30 30 30 30 30 30 30 30 30 30 30 30 30 30 30 30 30 30 30 30 30 30 30 30 30 30 30 30 30
29 30 27 28 25 26 23 24 21 22 19 20 17 18 15 16 13 14 11 12 9 10 7 8 5 6 3 4 1 2
1 31 1 1.18648837546712915e+01 9.35446097006158617e+00 1.28043725060797158e+01 9.35446097101102758e+00 1.28043725060648299e+01 9.35446097208760818e+00 1.28043725061503118e+01 9.35446097108006214e+00 1.28043725060899902e+01 9.35446097098797757e+00 1.28043725060798614e+01 9.35446097087444883e+00 1.28043725060374776e+01 9.35446097137278265e+00 1.28043725058588294e+01 9.35446097025675805e+00 1.28043725061322053e+01 9.35446097082276573e+00 1.28043725059121929e+01 9.35446097094825291e+00 1.28043725060612061e+01 9.35446097113016251e+00 1.28043725060729532e+01 9.35446097090236073e+00 1.28043725060508606e+01 9.35446097054181536e+00 1.28043725060848246e+01 9.35446097184760461e+00 1.28043725060690718e+01 9.35446097104285101e+00 1.28043725060300648e+01
custom
2.00000000000000011e-01 3.00000000000000000e+00
2.00000000000000011e-01 3.00000000000000000e+00
2.00000000000000011e-01 3.00000000000000000e+00
2.00000000000000011e-01 3.00000000000000000e+00
2.00000000000000011e-01 3.00000000000000000e+00
2.00000000000000011e-01 3.00000000000000000e+00
2.00000000000000011e-01 3.00000000000000000e+00
2.00000000000000011e-01 3.00000000000000000e+00
2.00000000000000011e-01 3.00000000000000000e+00
2.00000000000000011e-01 3.00000000000000000e+00
2.00000000000000011e-01 3.00000000000000000e+00
2.00000000000000011e-01 3.00000000000000000e+00
2.00000000000000011e-01 3.00000000000000000e+00
2.00000000000000011e-01 3.00000000000000000e+00
2.00000000000000011e-01 3.00000000000000000e+00
TASMANIAN SG end
