TASMANIAN SG 4.0
WARNING: do not edit this manually
localpolynomial
15 1 1 1
localp
1 15 31 0 0 0 0 0 0 0 0 0 0 0 0 0 0 0 0 0 0 0 0 0 0 0 0 0 0 0 0 0 1 0 0 0 0 0 0 0 0 0 0 0 0 0 0 2 0 0 0 0 0 0 0 0 0 0 0 0 0 1 0 0 0 0 0 0 0 0 0 0 0 0 0 0 2 0 0 0 0 0 0 0 0 0 0 0 0 0 1 0 0 0 0 0 0 0 0 0 0 0 0 0 0 2 0 0 0 0 0 0 0 0 0 0 0 0 0 1 0 0 0 0 0 0 0 0 0 0 0 0 0 0 2 0 0 0 0 0 0 0 0 0 0 0 0 0 1 0 0 0 0 0 0 0 0 0 0 0 0 0 0 2 0 0 0 0 0 0 0 0 0 0 0 0 0 1 0 0 0 0 0 0 0 0 0 0 0 0 0 0 2 0 0 0 0 0 0 0 0 0 0 0 0 0 1 0 0 0 0 0 0 0 0 0 0 0 0 0 0 2 0 0 0 0 0 0 0 0 0 0 0 0 0 1 0 0 0 0 0 0 0 0 0 0 0 0 0 0 2 0 0 0 0 0 0 0 0 0 0 0 0 0 1 0 0 0 0 0 0 0 0 0 0 0 0 0 0 2 0 0 0 0 0 0 0 0 0 0 0 0 0 1 0 0 0 0 0 0 0 0 0 0 0 0 0 0 2 0 0 0 0 0 0 0 0 0 0 0 0 0 1 0 0 0 0 0 0 0 0 0 0 0 0 0 0 2 0 0 0 0 0 0 0 0 0 0 0 0 0 1 0 0 0 0 0 0 0 0 0 0 0 0 0 0 2 0 0 0 0 0 0 0 0 0 0 0 0 0 1 0 0 0 0 0 0 0 0 0 0 0 0 0 0 2 0 0 0 0 0 0 0 0 0 0 0 0 0 1 0 0 0 0 0 0 0 0 0 0 0 0 0 0 2 0 0 0 0 0 0 0 0 0 0 0 0 0 1 0 0 0 0 0 0 0 0 0 0 0 0 0 0 2 0 0 0 0 0 0 0 0 0 0 0 0 0 0
1  -1.01782133892654042e+03 -1.95812977211676298e+00 7.59731531946044925e-01 -1.95812977320633763e+00 7.59731531918419023e-01 -1.95812977043760839e+00 7.59731531965144313e-01 -1.95812977016532841e+00 7.59731531936381543e-01 -1.95812977129230603e+00 7.59731531930242454e-01 -1.95812977370667340e+00 7.59731531899888068e-01 -1.95812977099217278e+00 7.59731531755051037e-01 -1.95812977015714296e+00 7.59731539504059583e-01 -1.95812977154832879e+00 7.59731538386290595e-01 -1.95812977145044442e+00 7.59731539285667168e-01 -1.95812977130856325e+00 7.59731539291465197e-01 -1.95812977148625578e+00 7.59731538490768799e-01 -1.95812977176740333e+00 7.59731539464610250e-01 -1.95812977074899663e+00 7.59731539430163139e-01 -1.95812977137666167e+00 7.59731539256904398e-01
0
0
1 0
0 30 30 30 30 30 30 30 30 30 30 30 30 30 30 30 30 30 30 30 30 30 30 30 30 30 30 30 30 30 30 30
29 30 27 28 25 26 23 24 21 22 19 20 17 18 15 16 13 14 11 12 9 10 7 8 5 6 3 4 1 2
1 31 1 -1.01782133892654042e+03 -1.01977946869865718e+03 -1.01706160739459438e+03 -1.01977946869974676e+03 -1.01706160739462200e+03 -1.01977946869697803e+03 -1.01706160739457528e+03 -1.01977946869670575e+03 -1.01706160739460404e+03 -1.01977946869783273e+03 -1.01706160739461018e+03 -1.01977946870024709e+03 -1.01706160739464053e+03 -1.01977946869753259e+03 -1.01706160739478537e+03 -1.01977946869669756e+03 -1.01706160738703636e+03 -1.01977946869808875e+03 -1.01706160738815413e+03 -1.01977946869799086e+03 -1.01706160738725475e+03 -1.01977946869784898e+03 -1.01706160738724896e+03 -1.01977946869802668e+03 -1.01706160738804965e+03 -1.01977946869830782e+03 -1.01706160738707581e+03 -1.01977946869728942e+03 -1.01706160738711026e+03 -1.01977946869791708e+03 -1.01706160738728352e+03
custom
2.00000000000000011e-01 3.00000000000000000e+00
2.00000000000000011e-01 3.00000000000000000e+00
2.00000000000000011e-01 3.00000000000000000e+00
2.00000000000000011e-01 3.00000000000000000e+00
2.00000000000000011e-01 3.00000000000000000e+00
2.00000000000000011e-01 3.00000000000000000e+00
2.00000000000000011e-01 3.00000000000000000e+00
2.00000000000000011e-01 3.00000000000000000e+00
2.00000000000000011e-01 3.00000000000000000e+00
2.00000000000000011e-01 3.00000000000000000e+00
2.00000000000000011e-01 3.00000000000000000e+00
2.00000000000000011e-01 3.00000000000000000e+00
2.00000000000000011e-01 3.00000000000000000e+00
2.00000000000000011e-01 3.00000000000000000e+00
2.00000000000000011e-01 3.00000000000000000e+00
TASMANIAN SG end
