TASMANIAN SG 4.0
WARNING: do not edit this manually
localpolynomial
15 1 1 1
localp
1 15 31 0 0 0 0 0 0 0 0 0 0 0 0 0 0 0 0 0 0 0 0 0 0 0 0 0 0 0 0 0 1 0 0 0 0 0 0 0 0 0 0 0 0 0 0 2 0 0 0 0 0 0 0 0 0 0 0 0 0 1 0 0 0 0 0 0 0 0 0 0 0 0 0 0 2 0 0 0 0 0 0 0 0 0 0 0 0 0 1 0 0 0 0 0 0 0 0 0 0 0 0 0 0 2 0 0 0 0 0 0 0 0 0 0 0 0 0 1 0 0 0 0 0 0 0 0 0 0 0 0 0 0 2 0 0 0 0 0 0 0 0 0 0 0 0 0 1 0 0 0 0 0 0 0 0 0 0 0 0 0 0 2 0 0 0 0 0 0 0 0 0 0 0 0 0 1 0 0 0 0 0 0 0 0 0 0 0 0 0 0 2 0 0 0 0 0 0 0 0 0 0 0 0 0 1 0 0 0 0 0 0 0 0 0 0 0 0 0 0 2 0 0 0 0 0 0 0 0 0 0 0 0 0 1 0 0 0 0 0 0 0 0 0 0 0 0 0 0 2 0 0 0 0 0 0 0 0 0 0 0 0 0 1 0 0 0 0 0 0 0 0 0 0 0 0 0 0 2 0 0 0 0 0 0 0 0 0 0 0 0 0 1 0 0 0 0 0 0 0 0 0 0 0 0 0 0 2 0 0 0 0 0 0 0 0 0 0 0 0 0 1 0 0 0 0 0 0 0 0 0 0 0 0 0 0 2 0 0 0 0 0 0 0 0 0 0 0 0 0 1 0 0 0 0 0 0 0 0 0 0 0 0 0 0 2 0 0 0 0 0 0 0 0 0 0 0 0 0 1 0 0 0 0 0 0 0 0 0 0 0 0 0 0 2 0 0 0 0 0 0 0 0 0 0 0 0 0 1 0 0 0 0 0 0 0 0 0 0 0 0 0 0 2 0 0 0 0 0 0 0 0 0 0 0 0 0 1 0 0 0 0 0 0 0 0 0 0 0 0 0 0 2 0 0 0 0 0 0 0 0 0 0 0 0 0 0
1  -4.58165170613998089e+03 -2.09263219260719779e-01 1.04407981157237373e-01 -2.09263230422038760e-01 1.04407981682015816e-01 -2.09263233470665000e-01 1.04407981726581056e-01 -2.09263219253443822e-01 1.04407981227268465e-01 -2.09263217680927482e-01 1.04407981124495564e-01 -2.09263227468909463e-01 1.04407981513759296e-01 -2.09263217649095168e-01 1.04407981104486680e-01 -2.09263226354778453e-01 1.04408006816811394e-01 -2.09263226504845079e-01 1.04408009403414326e-01 -2.09263226493931143e-01 1.04408009488906828e-01 -2.09263226478469733e-01 1.04408003508069669e-01 -2.09263226497569121e-01 1.04408006862286129e-01 -2.09263226526672952e-01 1.04408010140105034e-01 -2.09263226419352577e-01 1.04408009479811881e-01 -2.09263226485745690e-01 1.04408009575308824e-01
0
0
1 0
0 30 30 30 30 30 30 30 30 30 30 30 30 30 30 30 30 30 30 30 30 30 30 30 30 30 30 30 30 30 30 30
29 30 27 28 25 26 23 24 21 22 19 20 17 18 15 16 13 14 11 12 9 10 7 8 5 6 3 4 1 2
1 31 1 -4.58165170613998089e+03 -4.58186096935924161e+03 -4.58154729815882365e+03 -4.58186096937040293e+03 -4.58154729815829887e+03 -4.58186096937345155e+03 -4.58154729815825431e+03 -4.58186096935923433e+03 -4.58154729815875362e+03 -4.58186096935766182e+03 -4.58154729815885639e+03 -4.58186096936744980e+03 -4.58154729815846713e+03 -4.58186096935762998e+03 -4.58154729815887640e+03 -4.58186096936633567e+03 -4.58154729813316408e+03 -4.58186096936648573e+03 -4.58154729813057747e+03 -4.58186096936647482e+03 -4.58154729813049198e+03 -4.58186096936645936e+03 -4.58154729813647282e+03 -4.58186096936647846e+03 -4.58154729813311860e+03 -4.58186096936650756e+03 -4.58154729812984078e+03 -4.58186096936640024e+03 -4.58154729813050108e+03 -4.58186096936646663e+03 -4.58154729813040558e+03
custom
2.00000000000000011e-01 3.00000000000000000e+00
2.00000000000000011e-01 3.00000000000000000e+00
2.00000000000000011e-01 3.00000000000000000e+00
2.00000000000000011e-01 3.00000000000000000e+00
2.00000000000000011e-01 3.00000000000000000e+00
2.00000000000000011e-01 3.00000000000000000e+00
2.00000000000000011e-01 3.00000000000000000e+00
2.00000000000000011e-01 3.00000000000000000e+00
2.00000000000000011e-01 3.00000000000000000e+00
2.00000000000000011e-01 3.00000000000000000e+00
2.00000000000000011e-01 3.00000000000000000e+00
2.00000000000000011e-01 3.00000000000000000e+00
2.00000000000000011e-01 3.00000000000000000e+00
2.00000000000000011e-01 3.00000000000000000e+00
2.00000000000000011e-01 3.00000000000000000e+00
TASMANIAN SG end
