TASMANIAN SG 4.0
WARNING: do not edit this manually
localpolynomial
15 1 1 1
localp
1 15 31 0 0 0 0 0 0 0 0 0 0 0 0 0 0 0 0 0 0 0 0 0 0 0 0 0 0 0 0 0 1 0 0 0 0 0 0 0 0 0 0 0 0 0 0 2 0 0 0 0 0 0 0 0 0 0 0 0 0 1 0 0 0 0 0 0 0 0 0 0 0 0 0 0 2 0 0 0 0 0 0 0 0 0 0 0 0 0 1 0 0 0 0 0 0 0 0 0 0 0 0 0 0 2 0 0 0 0 0 0 0 0 0 0 0 0 0 1 0 0 0 0 0 0 0 0 0 0 0 0 0 0 2 0 0 0 0 0 0 0 0 0 0 0 0 0 1 0 0 0 0 0 0 0 0 0 0 0 0 0 0 2 0 0 0 0 0 0 0 0 0 0 0 0 0 1 0 0 0 0 0 0 0 0 0 0 0 0 0 0 2 0 0 0 0 0 0 0 0 0 0 0 0 0 1 0 0 0 0 0 0 0 0 0 0 0 0 0 0 2 0 0 0 0 0 0 0 0 0 0 0 0 0 1 0 0 0 0 0 0 0 0 0 0 0 0 0 0 2 0 0 0 0 0 0 0 0 0 0 0 0 0 1 0 0 0 0 0 0 0 0 0 0 0 0 0 0 2 0 0 0 0 0 0 0 0 0 0 0 0 0 1 0 0 0 0 0 0 0 0 0 0 0 0 0 0 2 0 0 0 0 0 0 0 0 0 0 0 0 0 1 0 0 0 0 0 0 0 0 0 0 0 0 0 0 2 0 0 0 0 0 0 0 0 0 0 0 0 0 1 0 0 0 0 0 0 0 0 0 0 0 0 0 0 2 0 0 0 0 0 0 0 0 0 0 0 0 0 1 0 0 0 0 0 0 0 0 0 0 0 0 0 0 2 0 0 0 0 0 0 0 0 0 0 0 0 0 1 0 0 0 0 0 0 0 0 0 0 0 0 0 0 2 0 0 0 0 0 0 0 0 0 0 0 0 0 1 0 0 0 0 0 0 0 0 0 0 0 0 0 0 2 0 0 0 0 0 0 0 0 0 0 0 0 0 0
1  -4.44364376226378499e+03 -2.68286183762029395e-01 1.30835488783304754e-01 -2.68286193299900333e-01 1.30835489256241999e-01 -2.68286195883774781e-01 1.30835489256241999e-01 -2.68286185482793371e-01 1.30835488836055447e-01 -2.68286181420080538e-01 1.30835488793309196e-01 -2.68286190433173033e-01 1.30835489099808910e-01 -2.68286181379153277e-01 1.30835488766933850e-01 -2.68286189005266351e-01 1.30835515302351268e-01 -2.68286189196260239e-01 1.30835517659761535e-01 -2.68286189183527313e-01 1.30835517768900900e-01 -2.68286189163518429e-01 1.30835510960423562e-01 -2.68286189187165292e-01 1.30835515358739940e-01 -2.68286189225364069e-01 1.30835518420099106e-01 -2.68286189087120874e-01 1.30835517761624942e-01 -2.68286189172613376e-01 1.30835517882587737e-01
0
0
1 0
0 30 30 30 30 30 30 30 30 30 30 30 30 30 30 30 30 30 30 30 30 30 30 30 30 30 30 30 30 30 30 30
29 30 27 28 25 26 23 24 21 22 19 20 17 18 15 16 13 14 11 12 9 10 7 8 5 6 3 4 1 2
1 31 1 -4.44364376226378499e+03 -4.44391204844754702e+03 -4.44351292677500169e+03 -4.44391204845708489e+03 -4.44351292677452875e+03 -4.44391204845966877e+03 -4.44351292677452875e+03 -4.44391204844926779e+03 -4.44351292677494894e+03 -4.44391204844520507e+03 -4.44351292677499168e+03 -4.44391204845421817e+03 -4.44351292677468518e+03 -4.44391204844516415e+03 -4.44351292677501806e+03 -4.44391204845279026e+03 -4.44351292674848264e+03 -4.44391204845298125e+03 -4.44351292674612523e+03 -4.44391204845296852e+03 -4.44351292674601609e+03 -4.44391204845294851e+03 -4.44351292675282457e+03 -4.44391204845297216e+03 -4.44351292674842625e+03 -4.44391204845301036e+03 -4.44351292674536489e+03 -4.44391204845287211e+03 -4.44351292674602337e+03 -4.44391204845295761e+03 -4.44351292674590240e+03
custom
2.00000000000000011e-01 3.00000000000000000e+00
2.00000000000000011e-01 3.00000000000000000e+00
2.00000000000000011e-01 3.00000000000000000e+00
2.00000000000000011e-01 3.00000000000000000e+00
2.00000000000000011e-01 3.00000000000000000e+00
2.00000000000000011e-01 3.00000000000000000e+00
2.00000000000000011e-01 3.00000000000000000e+00
2.00000000000000011e-01 3.00000000000000000e+00
2.00000000000000011e-01 3.00000000000000000e+00
2.00000000000000011e-01 3.00000000000000000e+00
2.00000000000000011e-01 3.00000000000000000e+00
2.00000000000000011e-01 3.00000000000000000e+00
2.00000000000000011e-01 3.00000000000000000e+00
2.00000000000000011e-01 3.00000000000000000e+00
2.00000000000000011e-01 3.00000000000000000e+00
TASMANIAN SG end
