TASMANIAN SG 4.0
WARNING: do not edit this manually
localpolynomial
15 1 1 1
localp
1 15 31 0 0 0 0 0 0 0 0 0 0 0 0 0 0 0 0 0 0 0 0 0 0 0 0 0 0 0 0 0 1 0 0 0 0 0 0 0 0 0 0 0 0 0 0 2 0 0 0 0 0 0 0 0 0 0 0 0 0 1 0 0 0 0 0 0 0 0 0 0 0 0 0 0 2 0 0 0 0 0 0 0 0 0 0 0 0 0 1 0 0 0 0 0 0 0 0 0 0 0 0 0 0 2 0 0 0 0 0 0 0 0 0 0 0 0 0 1 0 0 0 0 0 0 0 0 0 0 0 0 0 0 2 0 0 0 0 0 0 0 0 0 0 0 0 0 1 0 0 0 0 0 0 0 0 0 0 0 0 0 0 2 0 0 0 0 0 0 0 0 0 0 0 0 0 1 0 0 0 0 0 0 0 0 0 0 0 0 0 0 2 0 0 0 0 0 0 0 0 0 0 0 0 0 1 0 0 0 0 0 0 0 0 0 0 0 0 0 0 2 0 0 0 0 0 0 0 0 0 0 0 0 0 1 0 0 0 0 0 0 0 0 0 0 0 0 0 0 2 0 0 0 0 0 0 0 0 0 0 0 0 0 1 0 0 0 0 0 0 0 0 0 0 0 0 0 0 2 0 0 0 0 0 0 0 0 0 0 0 0 0 1 0 0 0 0 0 0 0 0 0 0 0 0 0 0 2 0 0 0 0 0 0 0 0 0 0 0 0 0 1 0 0 0 0 0 0 0 0 0 0 0 0 0 0 2 0 0 0 0 0 0 0 0 0 0 0 0 0 1 0 0 0 0 0 0 0 0 0 0 0 0 0 0 2 0 0 0 0 0 0 0 0 0 0 0 0 0 1 0 0 0 0 0 0 0 0 0 0 0 0 0 0 2 0 0 0 0 0 0 0 0 0 0 0 0 0 1 0 0 0 0 0 0 0 0 0 0 0 0 0 0 2 0 0 0 0 0 0 0 0 0 0 0 0 0 1 0 0 0 0 0 0 0 0 0 0 0 0 0 0 2 0 0 0 0 0 0 0 0 0 0 0 0 0 0
1  -3.02713652348140386e+03 -9.29234464341789135e-01 3.97210844909750449e-01 -9.29234470248957223e-01 3.97210845057088591e-01 -9.29234467618243798e-01 3.97210844940673269e-01 -9.29234464701949037e-01 3.97210844871551672e-01 -9.29234468017057225e-01 3.97210844951587205e-01 -9.29234468350387033e-01 3.97210844968867605e-01 -9.29234467874266556e-01 3.97210844864275714e-01 -9.29234463404100097e-01 3.97210882343188132e-01 -9.29234464064393251e-01 3.97210881890259770e-01 -9.29234464018009021e-01 3.97210882286344713e-01 -9.29234463950251666e-01 3.97210865471606667e-01 -9.29234464034379926e-01 3.97210882486888295e-01 -9.29234464168075647e-01 3.97210882927538478e-01 -9.29234463685133960e-01 3.97210882328636217e-01 -9.29234463982993475e-01 3.97210882729268633e-01
0
0
1 0
0 30 30 30 30 30 30 30 30 30 30 30 30 30 30 30 30 30 30 30 30 30 30 30 30 30 30 30 30 30 30 30
29 30 27 28 25 26 23 24 21 22 19 20 17 18 15 16 13 14 11 12 9 10 7 8 5 6 3 4 1 2
1 31 1 -3.02713652348140386e+03 -3.02806575794574564e+03 -3.02673931263649411e+03 -3.02806575795165281e+03 -3.02673931263634677e+03 -3.02806575794902210e+03 -3.02673931263646318e+03 -3.02806575794610580e+03 -3.02673931263653230e+03 -3.02806575794942091e+03 -3.02673931263645227e+03 -3.02806575794975424e+03 -3.02673931263643499e+03 -3.02806575794927812e+03 -3.02673931263653958e+03 -3.02806575794480796e+03 -3.02673931259906067e+03 -3.02806575794546825e+03 -3.02673931259951360e+03 -3.02806575794542186e+03 -3.02673931259911751e+03 -3.02806575794535411e+03 -3.02673931261593225e+03 -3.02806575794543824e+03 -3.02673931259891697e+03 -3.02806575794557193e+03 -3.02673931259847632e+03 -3.02806575794508899e+03 -3.02673931259907522e+03 -3.02806575794538685e+03 -3.02673931259867459e+03
custom
2.00000000000000011e-01 3.00000000000000000e+00
2.00000000000000011e-01 3.00000000000000000e+00
2.00000000000000011e-01 3.00000000000000000e+00
2.00000000000000011e-01 3.00000000000000000e+00
2.00000000000000011e-01 3.00000000000000000e+00
2.00000000000000011e-01 3.00000000000000000e+00
2.00000000000000011e-01 3.00000000000000000e+00
2.00000000000000011e-01 3.00000000000000000e+00
2.00000000000000011e-01 3.00000000000000000e+00
2.00000000000000011e-01 3.00000000000000000e+00
2.00000000000000011e-01 3.00000000000000000e+00
2.00000000000000011e-01 3.00000000000000000e+00
2.00000000000000011e-01 3.00000000000000000e+00
2.00000000000000011e-01 3.00000000000000000e+00
2.00000000000000011e-01 3.00000000000000000e+00
TASMANIAN SG end
